Prediction vector:
[[-0.01015221 -0.01599693  0.0264659  -0.018613    0.035624  ]
 [ 0.026444   -0.02158158  0.02131378 -0.02159096  0.02998108]
 [ 0.02810421 -0.02164683  0.0214202  -0.02169692  0.03039056]
 [ 0.02758338 -0.02114113  0.02486978 -0.0234388   0.03062748]
 [ 0.03902666 -0.02147252  0.02551781 -0.02336019  0.03068728]]

Prediction vector min:
[0 2 1 3 1]

(unsat_epsilon, sat_epsilon)
(0.0042724609375,0.0048828125)

Output vector:
[[-0.04221119 -0.01719229  0.0264659  -0.00719229  0.03562401]
 [-0.0331392  -0.02380323  0.02131378 -0.00036501  0.02998109]
 [-0.03356055 -0.02394609  0.0214202   0.00027056  0.03039056]
 [-0.02767096 -0.02320137  0.02486978 -0.00375497  0.03062748]
 [-0.0143465  -0.02346262  0.02551781 -0.0043465   0.03068728]]

Output vector min:
[0 0 0 0 1]
