Prediction vector:
[[-0.01015221 -0.01599693  0.0264659  -0.018613    0.035624  ]
 [ 0.026444   -0.02158158  0.02131378 -0.02159096  0.02998108]
 [ 0.02810421 -0.02164683  0.0214202  -0.02169692  0.03039056]
 [ 0.02758338 -0.02114113  0.02486978 -0.0234388   0.03062748]
 [ 0.03902664 -0.02147252  0.02551781 -0.02336019  0.03068729]]

Prediction vector min:
[3 3 3 3 3]

(unsat_epsilon, sat_epsilon)
(0.004730224609375,0.0048065185546875)

Output vector:
[[-0.04151314 -0.01649429  0.0264659  -0.00649429  0.03562401]
 [-0.03184184 -0.02250595  0.02131378  0.00093226  0.02998109]
 [-0.03221787 -0.0226035   0.0214202   0.00161316  0.03039056]
 [-0.02646786 -0.02199835  0.02486978 -0.00255195  0.03062748]
 [-0.01318443 -0.02230055  0.02551781 -0.00318443  0.03068729]]

Output vector min:
[0 0 0 0 1]
