Prediction vector:
[[-0.01015221 -0.01599693  0.0264659  -0.018613    0.035624  ]
 [ 0.026444   -0.02158158  0.02131378 -0.02159096  0.02998108]
 [ 0.02810421 -0.02164683  0.0214202  -0.02169692  0.03039056]
 [ 0.02758338 -0.02114113  0.02486978 -0.0234388   0.03062748]
 [ 0.03902664 -0.02147252  0.02551781 -0.02336019  0.03068729]]

Prediction vector min:
[3 3 3 3 3]

(unsat_epsilon, sat_epsilon)
(0.0016913641692257832,0.0016913641692257832)

Output vector:
[[ 0.0047246   0.0047246   0.0147246   0.0147246   0.0147246 ]
 [-0.00400851 -0.00384827  0.00964168  0.00886155  0.00709603]
 [-0.00335309 -0.00335309  0.00928125  0.00976038  0.00664691]
 [-0.00854463 -0.01163613  0.01227121  0.01268921  0.01729302]
 [ 0.00283322 -0.01377382  0.01283322  0.01283322  0.01910218]]

Output vector min:
[0 0 0 1 1]
