Prediction vector:
[[-0.01015221 -0.01599693  0.0264659  -0.018613    0.035624  ]
 [ 0.026444   -0.02158158  0.02131378 -0.02159096  0.02998108]
 [ 0.02810421 -0.02164683  0.0214202  -0.02169692  0.03039056]
 [ 0.02758338 -0.02114113  0.02486978 -0.0234388   0.03062748]]

Prediction vector min:
[3 3 3 3]

(unsat_epsilon, sat_epsilon)
(0.0032806396484375,0.00335693359375)

Output vector:
[[-0.01414706 -0.01599693  0.0264659   0.00757581  0.03509356]
 [ 0.01901938 -0.02158158  0.02131378  0.02708223  0.02899523]
 [ 0.0204202  -0.02164683  0.0214202   0.02867669  0.02937027]
 [ 0.02069816 -0.02114113  0.02486978  0.02169816  0.02971325]]

Output vector min:
[1 1 1 1]
