Prediction vector:
[[-0.01015221 -0.01599693  0.0264659  -0.018613    0.035624  ]
 [ 0.026444   -0.02158158  0.02131378 -0.02159096  0.02998108]
 [ 0.02810421 -0.02164683  0.0214202  -0.02169692  0.03039056]
 [ 0.02758338 -0.02114113  0.02486978 -0.0234388   0.03062748]]

Prediction vector min:
[0 2 1 3 1]

(unsat_epsilon, sat_epsilon)
(0.003662109375,0.0042724609375)

Output vector:
[[-0.03662681 -0.01968207  0.0264659  -0.00968207  0.03562401]
 [-0.02276035 -0.02843061  0.02131378 -0.00499239  0.02998109]
 [-0.02281911 -0.02873513  0.0214202  -0.00451848  0.03039056]
 [-0.01804616 -0.02749256  0.02486978 -0.00804616  0.03062748]]

Output vector min:
[0 1 1 1]
